394.255585 391.331726 382.022461 213.522522
394.255585 391.331726 382.022461 213.522522
394.255585 391.331726 382.022461 213.522522
394.255585 391.331726 382.022461 213.522522
394.255585 391.331726 382.022461 213.522522
394.255585 391.331726 382.022461 213.522522
394.255585 391.331726 382.022461 213.522522
394.255585 391.331726 382.022461 213.522522
394.255585 391.331726 382.022461 213.522522
394.255585 391.331726 382.022461 213.522522
394.255585 391.331726 382.022461 213.522522
394.255585 391.331726 382.022461 213.522522
394.255585 391.331726 382.022461 213.522522
394.255585 391.331726 382.022461 213.522522
394.255585 391.331726 382.022461 213.522522
394.255585 391.331726 382.022461 213.522522
394.255585 391.331726 382.022461 213.522522
394.255585 391.331726 382.022461 213.522522
394.255585 391.331726 382.022461 213.522522
394.255585 391.331726 382.022461 213.522522
394.255585 391.331726 382.022461 213.522522
394.255585 391.331726 382.022461 213.522522
394.255585 391.331726 382.022461 213.522522
394.255585 391.331726 382.022461 213.522522
