392.303314 389.300415 388.618683 215.103699
392.303314 389.300415 388.618683 215.103699
392.303314 389.300415 388.618683 215.103699
392.303314 389.300415 388.618683 215.103699
392.303314 389.300415 388.618683 215.103699
392.303314 389.300415 388.618683 215.103699
392.303314 389.300415 388.618683 215.103699
392.303314 389.300415 388.618683 215.103699
392.303314 389.300415 388.618683 215.103699
392.303314 389.300415 388.618683 215.103699
392.303314 389.300415 388.618683 215.103699
392.303314 389.300415 388.618683 215.103699
392.303314 389.300415 388.618683 215.103699
392.303314 389.300415 388.618683 215.103699
392.303314 389.300415 388.618683 215.103699
392.303314 389.300415 388.618683 215.103699
392.303314 389.300415 388.618683 215.103699
392.303314 389.300415 388.618683 215.103699
392.303314 389.300415 388.618683 215.103699
392.303314 389.300415 388.618683 215.103699
392.303314 389.300415 388.618683 215.103699
392.303314 389.300415 388.618683 215.103699
392.303314 389.300415 388.618683 215.103699
392.303314 389.300415 388.618683 215.103699
