386.968170 386.447510 390.736328 215.318146
386.968170 386.447510 390.736328 215.318146
386.968170 386.447510 390.736328 215.318146
386.968170 386.447510 390.736328 215.318146
386.968170 386.447510 390.736328 215.318146
386.968170 386.447510 390.736328 215.318146
386.968170 386.447510 390.736328 215.318146
386.968170 386.447510 390.736328 215.318146
386.968170 386.447510 390.736328 215.318146
386.968170 386.447510 390.736328 215.318146
386.968170 386.447510 390.736328 215.318146
386.968170 386.447510 390.736328 215.318146
386.968170 386.447510 390.736328 215.318146
386.968170 386.447510 390.736328 215.318146
386.968170 386.447510 390.736328 215.318146
386.968170 386.447510 390.736328 215.318146
386.968170 386.447510 390.736328 215.318146
386.968170 386.447510 390.736328 215.318146
386.968170 386.447510 390.736328 215.318146
386.968170 386.447510 390.736328 215.318146
386.968170 386.447510 390.736328 215.318146
386.968170 386.447510 390.736328 215.318146
386.968170 386.447510 390.736328 215.318146
386.968170 386.447510 390.736328 215.318146
