392.903534 389.934479 388.273010 216.663849
392.903534 389.934479 388.273010 216.663849
392.903534 389.934479 388.273010 216.663849
392.903534 389.934479 388.273010 216.663849
392.903534 389.934479 388.273010 216.663849
392.903534 389.934479 388.273010 216.663849
392.903534 389.934479 388.273010 216.663849
392.903534 389.934479 388.273010 216.663849
392.903534 389.934479 388.273010 216.663849
392.903534 389.934479 388.273010 216.663849
392.903534 389.934479 388.273010 216.663849
392.903534 389.934479 388.273010 216.663849
392.903534 389.934479 388.273010 216.663849
392.903534 389.934479 388.273010 216.663849
392.903534 389.934479 388.273010 216.663849
392.903534 389.934479 388.273010 216.663849
392.903534 389.934479 388.273010 216.663849
392.903534 389.934479 388.273010 216.663849
392.903534 389.934479 388.273010 216.663849
392.903534 389.934479 388.273010 216.663849
392.903534 389.934479 388.273010 216.663849
392.903534 389.934479 388.273010 216.663849
392.903534 389.934479 388.273010 216.663849
392.903534 389.934479 388.273010 216.663849
