393.494965 390.651611 385.637451 216.073059
393.494965 390.651611 385.637451 216.073059
393.494965 390.651611 385.637451 216.073059
393.494965 390.651611 385.637451 216.073059
393.494965 390.651611 385.637451 216.073059
393.494965 390.651611 385.637451 216.073059
393.494965 390.651611 385.637451 216.073059
393.494965 390.651611 385.637451 216.073059
393.494965 390.651611 385.637451 216.073059
393.494965 390.651611 385.637451 216.073059
393.494965 390.651611 385.637451 216.073059
393.494965 390.651611 385.637451 216.073059
393.494965 390.651611 385.637451 216.073059
393.494965 390.651611 385.637451 216.073059
393.494965 390.651611 385.637451 216.073059
393.494965 390.651611 385.637451 216.073059
393.494965 390.651611 385.637451 216.073059
393.494965 390.651611 385.637451 216.073059
393.494965 390.651611 385.637451 216.073059
393.494965 390.651611 385.637451 216.073059
393.494965 390.651611 385.637451 216.073059
393.494965 390.651611 385.637451 216.073059
393.494965 390.651611 385.637451 216.073059
393.494965 390.651611 385.637451 216.073059
