386.303619 385.805847 389.147430 217.582581
386.303619 385.805847 389.147430 217.582581
386.303619 385.805847 389.147430 217.582581
386.303619 385.805847 389.147430 217.582581
386.303619 385.805847 389.147430 217.582581
386.303619 385.805847 389.147430 217.582581
386.303619 385.805847 389.147430 217.582581
386.303619 385.805847 389.147430 217.582581
386.303619 385.805847 389.147430 217.582581
386.303619 385.805847 389.147430 217.582581
386.303619 385.805847 389.147430 217.582581
386.303619 385.805847 389.147430 217.582581
386.303619 385.805847 389.147430 217.582581
386.303619 385.805847 389.147430 217.582581
386.303619 385.805847 389.147430 217.582581
386.303619 385.805847 389.147430 217.582581
386.303619 385.805847 389.147430 217.582581
386.303619 385.805847 389.147430 217.582581
386.303619 385.805847 389.147430 217.582581
386.303619 385.805847 389.147430 217.582581
386.303619 385.805847 389.147430 217.582581
386.303619 385.805847 389.147430 217.582581
386.303619 385.805847 389.147430 217.582581
386.303619 385.805847 389.147430 217.582581
