393.710541 390.788818 387.492828 214.886078
393.710541 390.788818 387.492828 214.886078
393.710541 390.788818 387.492828 214.886078
393.710541 390.788818 387.492828 214.886078
393.710541 390.788818 387.492828 214.886078
393.710541 390.788818 387.492828 214.886078
393.710541 390.788818 387.492828 214.886078
393.710541 390.788818 387.492828 214.886078
393.710541 390.788818 387.492828 214.886078
393.710541 390.788818 387.492828 214.886078
393.710541 390.788818 387.492828 214.886078
393.710541 390.788818 387.492828 214.886078
393.710541 390.788818 387.492828 214.886078
393.710541 390.788818 387.492828 214.886078
393.710541 390.788818 387.492828 214.886078
393.710541 390.788818 387.492828 214.886078
393.710541 390.788818 387.492828 214.886078
393.710541 390.788818 387.492828 214.886078
393.710541 390.788818 387.492828 214.886078
393.710541 390.788818 387.492828 214.886078
393.710541 390.788818 387.492828 214.886078
393.710541 390.788818 387.492828 214.886078
393.710541 390.788818 387.492828 214.886078
393.710541 390.788818 387.492828 214.886078
