387.182465 386.673553 385.249969 211.030670
387.182465 386.673553 385.249969 211.030670
387.182465 386.673553 385.249969 211.030670
387.182465 386.673553 385.249969 211.030670
387.182465 386.673553 385.249969 211.030670
387.182465 386.673553 385.249969 211.030670
387.182465 386.673553 385.249969 211.030670
387.182465 386.673553 385.249969 211.030670
387.182465 386.673553 385.249969 211.030670
387.182465 386.673553 385.249969 211.030670
387.182465 386.673553 385.249969 211.030670
387.182465 386.673553 385.249969 211.030670
387.182465 386.673553 385.249969 211.030670
387.182465 386.673553 385.249969 211.030670
387.182465 386.673553 385.249969 211.030670
387.182465 386.673553 385.249969 211.030670
387.182465 386.673553 385.249969 211.030670
387.182465 386.673553 385.249969 211.030670
387.182465 386.673553 385.249969 211.030670
387.182465 386.673553 385.249969 211.030670
387.182465 386.673553 385.249969 211.030670
387.182465 386.673553 385.249969 211.030670
387.182465 386.673553 385.249969 211.030670
387.182465 386.673553 385.249969 211.030670
