392.045776 389.098816 383.469269 215.752090
392.045776 389.098816 383.469269 215.752090
392.045776 389.098816 383.469269 215.752090
392.045776 389.098816 383.469269 215.752090
392.045776 389.098816 383.469269 215.752090
392.045776 389.098816 383.469269 215.752090
392.045776 389.098816 383.469269 215.752090
392.045776 389.098816 383.469269 215.752090
392.045776 389.098816 383.469269 215.752090
392.045776 389.098816 383.469269 215.752090
392.045776 389.098816 383.469269 215.752090
392.045776 389.098816 383.469269 215.752090
392.045776 389.098816 383.469269 215.752090
392.045776 389.098816 383.469269 215.752090
392.045776 389.098816 383.469269 215.752090
392.045776 389.098816 383.469269 215.752090
392.045776 389.098816 383.469269 215.752090
392.045776 389.098816 383.469269 215.752090
392.045776 389.098816 383.469269 215.752090
392.045776 389.098816 383.469269 215.752090
392.045776 389.098816 383.469269 215.752090
392.045776 389.098816 383.469269 215.752090
392.045776 389.098816 383.469269 215.752090
392.045776 389.098816 383.469269 215.752090
